11099
11108
11142
11143
11144
11148
11149
11150
11153
11166
11189
11202
11205
11208
11219
11233
11235
11343
11359
11360
11495
11519
11520
11523
11524
11528
11530
11531
11533
11534
11536
11541
11548
11554
11556
11557
11559
11563
11565
11570
11573
11577
11578
11580
11581
11583
11584
11587
11588
11589
11590
11591
11594
11595
11597
11598
11599
11600
11602
11603
11605
11609
11610
11613
11615
11618
11620
11622
11624
11627
11628
11629
11630
11631
11632
11633
11635
11636
11637
11638
11640
11643
11644
11646
11647
11648
11650
11653
11656
11657
11661
11662
11663
11664
11665
11666
11669
11671
11675
11677
11678
11680
11683
11684
11685
11688
11691
11694
11696
11697
11700
11701
11702
11707
11708
11709
11710
11711
11712
11714
11716
11717
11718
11719
11723
11724
11729
11730
