11419
11420
11421
11422
11423
11424
11425
11426
11427
11428
11431
11432
11433
11434
11435
11436
11437
11438
11439
11442
11443
11444
11445
11446
11447
11448
11449
11450
11451
11452
11453
11454
11501
11502
11503
11504
11505
11515
11529
11543
11549
11552
11798
11808
11877
11878
11903
11904
11905
11906
11907
11908
11909
11911
11912
11913
11914
11915
11916
11917
11918
11919
11920
11921
11922
11923
11925
11926
11927
11928
11929
11930
11931
11932
11933
11934
11935
11936
11937
11938
12006
12054
12087
12088
12089
12090
12091
12092
12093
12094
12097
12325
12333
12334
12335
12336
12337
12338
12339
12340
12341
12342
12343
12344
12345
12346
12347
12348
12349
12350